# System Parameters
M = 1134944.869275098
m = 29.489999547765798
f1_measured = 0.0007380463140752472
e0 = 0.22865665220266215
a = 0.9697
p0 = Keplerian_p_from_f(M, m, f1_measured, e0)
print(p0)
iota0 = 2.1421999999999106
#iota0 = 0.001
Y0 = np.cos(iota0)
Phi_phi0 = 0.
Phi_theta0 = 1.2
Phi_r0 = 3.5

# Extrinsic params
qS = 0.2
phiS = 0.2
qK = 0.8
phiK = 0.8
dist = 5.235888314207546
mich = False
dt = 100
T = 35880038.8057/(np.pi*10**7)

# Disk Params
disk_center0 = [0.0, 0.0, 0.0]
disk_normal0 = [0.0, 2.0, 1.0]
disk_radius = 100000
omega = 2*np.pi/(60*60*24*3.5)  # disk rotates about the z-axis at 1 rad/s
omega = 0
